Membership matrix:
Data[0]: 0.145190 0.155839 0.105256 0.087246 0.506469 
Data[1]: 0.185357 0.187411 0.124350 0.397183 0.105698 
Data[2]: 0.104192 0.185165 0.371949 0.229335 0.109358 
Data[3]: 0.138060 0.167318 0.164999 0.421729 0.107894 
Data[4]: 0.480986 0.158596 0.090330 0.106887 0.163201 
Data[5]: 0.451703 0.209628 0.089712 0.123972 0.124984 
Data[6]: 0.117286 0.342712 0.208746 0.115454 0.215803 
Data[7]: 0.181829 0.190976 0.100964 0.090945 0.435286 
Data[8]: 0.146395 0.221450 0.104269 0.087102 0.440784 
Data[9]: 0.103986 0.187320 0.163914 0.456986 0.087793 
Data[10]: 0.138810 0.222771 0.105356 0.085945 0.447117 
Data[11]: 0.175536 0.451223 0.109958 0.139711 0.123571 
Data[12]: 0.118905 0.233043 0.136129 0.091948 0.419974 
Data[13]: 0.099929 0.122671 0.101251 0.605545 0.070604 
Data[14]: 0.097957 0.190187 0.398183 0.209103 0.104569 
Data[15]: 0.104037 0.170340 0.434609 0.165404 0.125610 
Data[16]: 0.406158 0.179596 0.107577 0.179158 0.127511 
Data[17]: 0.184857 0.283390 0.113386 0.102084 0.316283 
Data[18]: 0.105318 0.313761 0.298234 0.126691 0.155995 
Data[19]: 0.098814 0.222431 0.375424 0.196390 0.106942 
Data[20]: 0.340730 0.189993 0.107339 0.113578 0.248359 
Data[21]: 0.170538 0.212295 0.124276 0.390375 0.102516 
Data[22]: 0.084537 0.134385 0.079697 0.058564 0.642816 
Data[23]: 0.082636 0.197900 0.491457 0.111715 0.116292 
Data[24]: 0.126520 0.322080 0.175911 0.266387 0.109101 
Data[25]: 0.352794 0.190028 0.116976 0.209831 0.130371 
Data[26]: 0.116851 0.218916 0.321772 0.126992 0.215470 
Data[27]: 0.369914 0.191137 0.112042 0.200498 0.126410 
Data[28]: 0.064033 0.139434 0.612020 0.107099 0.077413 
Data[29]: 0.105180 0.180429 0.383427 0.218685 0.112280 
Data[30]: 0.155353 0.177529 0.140303 0.108382 0.418434 
Data[31]: 0.087325 0.173836 0.471668 0.169772 0.097399 
Data[32]: 0.100609 0.161766 0.169312 0.481974 0.086339 
Data[33]: 0.122011 0.151928 0.143769 0.488886 0.093406 
Data[34]: 0.087143 0.179555 0.489955 0.110953 0.132394 
Data[35]: 0.107686 0.240845 0.301659 0.240378 0.109432 
Data[36]: 0.134663 0.495020 0.106922 0.096656 0.166739 
Data[37]: 0.116347 0.185814 0.267789 0.318866 0.111184 
Data[38]: 0.112269 0.565769 0.097804 0.087134 0.137025 
Data[39]: 0.081518 0.148570 0.530872 0.143709 0.095330 
Data[40]: 0.118372 0.230131 0.142012 0.093453 0.416032 
Data[41]: 0.401175 0.173937 0.113190 0.145612 0.166087 
Data[42]: 0.084597 0.195034 0.474296 0.147477 0.098595 
Data[43]: 0.120208 0.228648 0.286573 0.124538 0.240033 
Data[44]: 0.059447 0.111244 0.661919 0.091073 0.076318 
Data[45]: 0.099980 0.215475 0.369411 0.208668 0.106466 
Data[46]: 0.333452 0.192192 0.107209 0.112596 0.254551 
Data[47]: 0.084235 0.148327 0.527697 0.137182 0.102560 
Data[48]: 0.120961 0.241918 0.161463 0.377383 0.098275 
Data[49]: 0.168014 0.172740 0.123678 0.103319 0.432248 
Data[50]: 0.469023 0.159477 0.098310 0.135398 0.137792 
Data[51]: 0.109378 0.231726 0.282128 0.268883 0.107885 
Data[52]: 0.127954 0.480353 0.114123 0.096317 0.181253 
Data[53]: 0.093298 0.161026 0.488660 0.132257 0.124760 
Data[54]: 0.164970 0.289509 0.115636 0.099316 0.330569 
Data[55]: 0.101375 0.181357 0.394675 0.214342 0.108251 
Data[56]: 0.109399 0.186860 0.128775 0.084965 0.490000 
Data[57]: 0.100601 0.178221 0.405801 0.206806 0.108571 
Data[58]: 0.106341 0.288115 0.313577 0.124304 0.167662 
Data[59]: 0.078538 0.140800 0.556618 0.128151 0.095893 
Data[60]: 0.205580 0.191324 0.127880 0.362611 0.112605 
Data[61]: 0.117442 0.169685 0.196329 0.414358 0.102186 
Data[62]: 0.107202 0.478451 0.155965 0.152219 0.106163 
Data[63]: 0.680893 0.111615 0.053515 0.068959 0.085017 
Data[64]: 0.251340 0.337477 0.108710 0.119225 0.183248 
Data[65]: 0.106204 0.183841 0.367050 0.231464 0.111441 
Data[66]: 0.266748 0.303471 0.108560 0.115840 0.205380 
Data[67]: 0.158894 0.258723 0.111839 0.094824 0.375720 
Data[68]: 0.345778 0.190762 0.118404 0.214122 0.130933 
Data[69]: 0.674401 0.104341 0.057776 0.079978 0.083505 
Data[70]: 0.144769 0.183289 0.094170 0.080575 0.497198 
Data[71]: 0.116510 0.322568 0.219283 0.228961 0.112677 
Data[72]: 0.351022 0.266463 0.100636 0.121764 0.160115 
Data[73]: 0.328173 0.260993 0.103062 0.114962 0.192809 
Data[74]: 0.453446 0.162612 0.100723 0.128596 0.154623 
Data[75]: 0.127426 0.164529 0.170725 0.433796 0.103524 
Data[76]: 0.440239 0.166541 0.104483 0.148675 0.140062 
Data[77]: 0.099396 0.169811 0.435499 0.183332 0.111962 
Data[78]: 0.437462 0.166714 0.105281 0.145380 0.145164 
Data[79]: 0.382885 0.244937 0.096954 0.117510 0.157715 
Data[80]: 0.092358 0.212584 0.420930 0.170148 0.103979 
Data[81]: 0.290292 0.233427 0.106389 0.109040 0.260851 
Data[82]: 0.214959 0.190764 0.130798 0.346601 0.116879 
Data[83]: 0.333456 0.204820 0.115611 0.221274 0.124838 
Data[84]: 0.095665 0.263693 0.378210 0.144304 0.118129 
Data[85]: 0.166697 0.296972 0.116139 0.100296 0.319895 
Data[86]: 0.268858 0.192082 0.113448 0.112056 0.313555 
Data[87]: 0.137738 0.148917 0.096925 0.080885 0.535535 
Data[88]: 0.114821 0.148145 0.080506 0.066849 0.589679 
Data[89]: 0.217187 0.265234 0.110880 0.105234 0.301466 
Data[90]: 0.106908 0.178108 0.201346 0.418509 0.095129 
Data[91]: 0.122102 0.218831 0.294532 0.127878 0.236656 
Data[92]: 0.112344 0.437410 0.161035 0.105914 0.183296 
Data[93]: 0.241550 0.368027 0.108936 0.133182 0.148305 
Data[94]: 0.210273 0.182238 0.115779 0.106217 0.385493 
Data[95]: 0.112617 0.139177 0.099401 0.574710 0.074095 
Data[96]: 0.107326 0.300915 0.298643 0.124471 0.168645 
Data[97]: 0.522863 0.150573 0.081430 0.096678 0.148456 
Data[98]: 0.326418 0.256090 0.110497 0.178756 0.128239 
Data[99]: 0.304706 0.252975 0.114988 0.200989 0.126342 
Data[100]: 0.078917 0.106756 0.096252 0.657737 0.060338 
Data[101]: 0.113405 0.180722 0.093856 0.073403 0.538613 
Data[102]: 0.337308 0.188174 0.109716 0.116208 0.248594 
Data[103]: 0.087362 0.162850 0.485377 0.165966 0.098445 
Data[104]: 0.207733 0.182316 0.110775 0.101878 0.397299 
Data[105]: 0.123654 0.157328 0.119454 0.087790 0.511774 
Data[106]: 0.121857 0.257035 0.171626 0.347802 0.101680 
Data[107]: 0.115731 0.228780 0.313528 0.124650 0.217312 
Data[108]: 0.244430 0.203018 0.126592 0.306233 0.119727 
Data[109]: 0.170512 0.168264 0.110279 0.095499 0.455446 
Data[110]: 0.133129 0.162998 0.159006 0.441404 0.103463 
Data[111]: 0.111040 0.177803 0.409736 0.157853 0.143568 
Data[112]: 0.213607 0.295274 0.112581 0.107703 0.270835 
Data[113]: 0.113670 0.185228 0.331958 0.252479 0.116665 
Data[114]: 0.118309 0.193853 0.098903 0.077169 0.511766 
Data[115]: 0.159477 0.161834 0.100949 0.087446 0.490294 
Data[116]: 0.541241 0.141062 0.083148 0.110887 0.123662 
Data[117]: 0.498700 0.158743 0.089467 0.139452 0.113637 
Data[118]: 0.082983 0.168748 0.516915 0.107496 0.123858 
Data[119]: 0.180611 0.172162 0.107970 0.095705 0.443553 
Data[120]: 0.108460 0.175273 0.420497 0.156523 0.139246 
Data[121]: 0.114125 0.180534 0.397075 0.160141 0.148125 
Data[122]: 0.430613 0.170710 0.105074 0.161878 0.131725 
Data[123]: 0.134741 0.156836 0.114241 0.089205 0.504977 
Data[124]: 0.041947 0.086461 0.751331 0.068515 0.051746 
Data[125]: 0.118451 0.170624 0.198560 0.409074 0.103291 
Data[126]: 0.086790 0.628875 0.099207 0.101399 0.083729 
Data[127]: 0.099673 0.177538 0.410957 0.203956 0.107876 
Data[128]: 0.171988 0.174282 0.127537 0.421807 0.104386 
Data[129]: 0.085211 0.109711 0.074970 0.056915 0.673193 
Data[130]: 0.123275 0.346169 0.182102 0.237742 0.110711 
Data[131]: 0.142594 0.385721 0.124029 0.101278 0.246378 
Data[132]: 0.113629 0.218900 0.337271 0.125900 0.204300 
Data[133]: 0.635106 0.117099 0.064840 0.092577 0.090377 
Data[134]: 0.125943 0.222823 0.250988 0.123079 0.277166 
Data[135]: 0.119071 0.233375 0.134189 0.091409 0.421956 
Data[136]: 0.096464 0.168279 0.470064 0.129459 0.135734 
Data[137]: 0.123463 0.266109 0.151651 0.099515 0.359262 
Data[138]: 0.247029 0.218349 0.124302 0.291420 0.118900 
Data[139]: 0.263654 0.203877 0.108053 0.106364 0.318053 
Data[140]: 0.095090 0.152482 0.085284 0.064217 0.602927 
Data[141]: 0.089997 0.230784 0.427570 0.142113 0.109535 
Data[142]: 0.433288 0.177561 0.100816 0.167258 0.121076 
Data[143]: 0.593568 0.145726 0.068342 0.095022 0.097341 
Data[144]: 0.088425 0.157459 0.510007 0.121907 0.122202 
Data[145]: 0.487017 0.188844 0.083139 0.102114 0.138886 
Data[146]: 0.123623 0.145025 0.106338 0.544604 0.080411 
Data[147]: 0.121731 0.228850 0.275039 0.123921 0.250459 
Data[148]: 0.123167 0.161346 0.167003 0.448369 0.100115 
Data[149]: 0.583821 0.147366 0.068824 0.085967 0.114022 
Data[150]: 0.121424 0.196442 0.161590 0.100148 0.420395 
Data[151]: 0.501602 0.152593 0.091145 0.131193 0.123467 
Data[152]: 0.165774 0.297298 0.137056 0.288134 0.111738 
Data[153]: 0.117565 0.273334 0.257269 0.119909 0.231923 
Data[154]: 0.125413 0.205017 0.179799 0.107125 0.382646 
Data[155]: 0.078569 0.165561 0.537095 0.103231 0.115543 
Data[156]: 0.129568 0.349255 0.143058 0.102485 0.275633 
Data[157]: 0.124661 0.222989 0.199873 0.111418 0.341059 
Data[158]: 0.119524 0.210448 0.107662 0.081530 0.480837 
Data[159]: 0.261381 0.345041 0.109145 0.138899 0.145535 
Data[160]: 0.247529 0.272201 0.122958 0.233836 0.123476 
Data[161]: 0.122028 0.223803 0.283701 0.125733 0.244735 
Data[162]: 0.095927 0.166098 0.454021 0.174887 0.109068 
Data[163]: 0.110515 0.213680 0.223630 0.350958 0.101217 
Data[164]: 0.143959 0.172821 0.136495 0.102390 0.444336 
Data[165]: 0.181987 0.179094 0.128832 0.402367 0.107720 
Data[166]: 0.520707 0.176123 0.078318 0.098606 0.126246 
Data[167]: 0.806116 0.065917 0.033345 0.045889 0.048733 
Data[168]: 0.122848 0.207674 0.174259 0.104197 0.391022 
Data[169]: 0.554694 0.140182 0.080030 0.117294 0.107800 
Data[170]: 0.145993 0.163882 0.119899 0.095291 0.474935 
Data[171]: 0.398871 0.181011 0.109000 0.182811 0.128307 
Data[172]: 0.135441 0.309410 0.157453 0.289949 0.107748 
Data[173]: 0.069626 0.127261 0.607474 0.106488 0.089151 
Data[174]: 0.485370 0.155199 0.094610 0.125886 0.138935 
Data[175]: 0.429994 0.196808 0.097269 0.157433 0.118496 
Data[176]: 0.127432 0.471822 0.128860 0.165625 0.106262 
Data[177]: 0.496297 0.153175 0.089707 0.109936 0.150885 
Data[178]: 0.105652 0.425106 0.201357 0.151848 0.116038 
Data[179]: 0.113764 0.284541 0.246934 0.243091 0.111670 
Data[180]: 0.120922 0.232285 0.274892 0.123235 0.248666 
Data[181]: 0.084519 0.152941 0.528738 0.116549 0.117254 
Data[182]: 0.196732 0.188573 0.103654 0.094907 0.416134 
Data[183]: 0.100623 0.167477 0.454771 0.148322 0.128807 
Data[184]: 0.114336 0.414846 0.169758 0.108272 0.192789 
Data[185]: 0.109567 0.174311 0.204491 0.414100 0.097531 
Data[186]: 0.125892 0.214447 0.194778 0.111027 0.353857 
Data[187]: 0.151381 0.166057 0.117602 0.471433 0.093527 
Data[188]: 0.149616 0.270992 0.140112 0.333628 0.105652 
Data[189]: 0.131685 0.363412 0.158984 0.235751 0.110168 
Data[190]: 0.218638 0.185999 0.110689 0.103293 0.381381 
Data[191]: 0.093279 0.159469 0.481997 0.153174 0.112081 
Data[192]: 0.668046 0.108211 0.056985 0.071204 0.095554 
Data[193]: 0.074213 0.095110 0.076432 0.701634 0.052610 
Data[194]: 0.636814 0.114693 0.064702 0.086545 0.097247 
Data[195]: 0.096097 0.162292 0.150431 0.510657 0.080522 
Data[196]: 0.161535 0.164219 0.098504 0.086180 0.489562 
Data[197]: 0.094042 0.158450 0.142457 0.527127 0.077925 
Data[198]: 0.100132 0.166496 0.455617 0.152717 0.125037 
Data[199]: 0.295809 0.289368 0.112203 0.170515 0.132105 
Data[200]: 0.074142 0.091571 0.056689 0.045488 0.732109 
Data[201]: 0.191668 0.269778 0.111858 0.101820 0.324876 
Data[202]: 0.098502 0.195333 0.390070 0.211300 0.104794 
Data[203]: 0.438084 0.169243 0.103396 0.159223 0.130053 
Data[204]: 0.096242 0.213856 0.395754 0.188920 0.105227 
Data[205]: 0.056467 0.108261 0.677512 0.082075 0.075685 
Data[206]: 0.458404 0.161992 0.100619 0.138998 0.139987 
Data[207]: 0.141024 0.150590 0.096099 0.081060 0.531228 
Data[208]: 0.096494 0.248422 0.380487 0.163108 0.111489 
Data[209]: 0.101997 0.125003 0.094272 0.610030 0.068697 
Data[210]: 0.186909 0.183722 0.126567 0.395336 0.107466 
Data[211]: 0.153006 0.369221 0.138311 0.226304 0.113157 
Data[212]: 0.359814 0.228950 0.107259 0.179215 0.124762 
Data[213]: 0.424058 0.174548 0.104822 0.169298 0.127274 
Data[214]: 0.116895 0.274352 0.218619 0.281681 0.108453 
Data[215]: 0.208487 0.184521 0.108189 0.099937 0.398866 
Data[216]: 0.210947 0.333920 0.112734 0.110497 0.231902 
Data[217]: 0.401675 0.182381 0.098695 0.109086 0.208164 
Data[218]: 0.106530 0.222495 0.366387 0.122527 0.182060 
Data[219]: 0.110365 0.193663 0.291380 0.296651 0.107942 
Data[220]: 0.076696 0.138230 0.571195 0.113622 0.100256 
Data[221]: 0.108997 0.138193 0.126938 0.543424 0.082448 
Data[222]: 0.089323 0.170271 0.491847 0.114985 0.133574 
Data[223]: 0.192024 0.226122 0.126288 0.346210 0.109357 
Data[224]: 0.120097 0.300625 0.215716 0.115383 0.248180 
Data[225]: 0.097515 0.162267 0.102137 0.071441 0.566639 
Data[226]: 0.456329 0.167368 0.092208 0.105964 0.178131 
Data[227]: 0.230870 0.201402 0.107029 0.101836 0.358863 
Data[228]: 0.121297 0.238719 0.260278 0.121165 0.258542 
Data[229]: 0.109027 0.432633 0.178655 0.110386 0.169300 
Data[230]: 0.094591 0.167026 0.477846 0.126378 0.134159 
Data[231]: 0.140118 0.155188 0.121460 0.490998 0.092236 
Data[232]: 0.114105 0.212892 0.343734 0.127523 0.201747 
Data[233]: 0.097720 0.517071 0.152254 0.128033 0.104921 
Data[234]: 0.104717 0.173858 0.189074 0.440421 0.091930 
Data[235]: 0.048361 0.070599 0.042880 0.032323 0.805837 
Data[236]: 0.083844 0.133936 0.121905 0.591985 0.068331 
Data[237]: 0.135074 0.166374 0.166172 0.425743 0.106637 
Data[238]: 0.050846 0.109284 0.698005 0.072715 0.069150 
Data[239]: 0.169277 0.210041 0.123833 0.394952 0.101897 
Data[240]: 0.564894 0.134723 0.078354 0.103614 0.118416 
Data[241]: 0.118253 0.178361 0.225719 0.370342 0.107325 
Data[242]: 0.186201 0.174840 0.107196 0.096034 0.435728 
Data[243]: 0.368909 0.192066 0.111930 0.201044 0.126050 
Data[244]: 0.256978 0.229510 0.107760 0.106248 0.299504 
Data[245]: 0.193760 0.426602 0.110051 0.138987 0.130601 
Data[246]: 0.141469 0.174909 0.141066 0.103327 0.439228 
Data[247]: 0.208078 0.404208 0.111204 0.143139 0.133372 
Data[248]: 0.123375 0.290950 0.183807 0.294807 0.107060 
Data[249]: 0.728743 0.094574 0.046014 0.062287 0.068383 
Data[250]: 0.138713 0.167269 0.129175 0.097278 0.467564 
Data[251]: 0.125944 0.220115 0.263954 0.125736 0.264251 
Data[252]: 0.339765 0.254526 0.101842 0.114481 0.189387 
Data[253]: 0.337110 0.191823 0.106831 0.112547 0.251689 
Data[254]: 0.116245 0.186349 0.145110 0.092950 0.459346 
Data[255]: 0.070649 0.130932 0.594519 0.118727 0.085172 
Data[256]: 0.637852 0.116885 0.064167 0.092273 0.088823 
Data[257]: 0.184910 0.350638 0.114892 0.106955 0.242605 
Data[258]: 0.204272 0.188091 0.130018 0.363768 0.113850 
Data[259]: 0.091314 0.157370 0.498484 0.134192 0.118640 
Data[260]: 0.087054 0.127975 0.088777 0.062843 0.633350 
Data[261]: 0.306256 0.200744 0.107053 0.109688 0.276259 
Data[262]: 0.654972 0.110742 0.059915 0.075479 0.098891 
Data[263]: 0.123087 0.283009 0.182133 0.108236 0.303536 
Data[264]: 0.098782 0.154343 0.160106 0.503001 0.083768 
Data[265]: 0.125194 0.182998 0.152629 0.099742 0.439437 
Data[266]: 0.135160 0.156894 0.139066 0.471144 0.097735 
Data[267]: 0.277520 0.217482 0.106952 0.107229 0.290817 
Data[268]: 0.093436 0.541249 0.144679 0.117528 0.103108 
Data[269]: 0.077269 0.099813 0.084083 0.682593 0.056243 
Data[270]: 0.173092 0.215336 0.103562 0.091662 0.416347 
Data[271]: 0.113326 0.205646 0.358285 0.129348 0.193395 
Data[272]: 0.317079 0.208528 0.104988 0.108913 0.260492 
Data[273]: 0.110688 0.538569 0.108695 0.089751 0.152297 
Data[274]: 0.145001 0.302719 0.122502 0.097877 0.331901 
Data[275]: 0.251655 0.199749 0.127789 0.298601 0.122206 
Data[276]: 0.095312 0.162873 0.466659 0.163590 0.111566 
Data[277]: 0.086828 0.137342 0.088535 0.062646 0.624649 
Data[278]: 0.122974 0.234886 0.248509 0.120250 0.273381 
Data[279]: 0.104522 0.137590 0.130848 0.545696 0.081343 
Data[280]: 0.100052 0.256491 0.354703 0.176525 0.112228 
Data[281]: 0.275696 0.261913 0.107961 0.111162 0.243267 
Data[282]: 0.103418 0.411909 0.222066 0.137589 0.125019 
Data[283]: 0.156130 0.344361 0.120441 0.101862 0.277206 
Data[284]: 0.112015 0.178127 0.405407 0.162058 0.142394 
Data[285]: 0.141538 0.170817 0.170970 0.404997 0.111677 
Data[286]: 0.116305 0.429274 0.152419 0.104125 0.197876 
Data[287]: 0.103561 0.169950 0.435818 0.166306 0.124365 
Data[288]: 0.198164 0.255348 0.110245 0.101283 0.334960 
Data[289]: 0.136227 0.156941 0.111246 0.509322 0.086264 
Data[290]: 0.403085 0.177070 0.101761 0.113910 0.204174 
Data[291]: 0.114474 0.378620 0.197562 0.114115 0.195230 
Data[292]: 0.264664 0.232228 0.122162 0.259432 0.121513 
Data[293]: 0.125929 0.458181 0.122157 0.097894 0.195839 
Data[294]: 0.303048 0.201189 0.121934 0.247489 0.126340 
Data[295]: 0.146444 0.254166 0.137730 0.358892 0.102769 
Data[296]: 0.170365 0.460882 0.109162 0.137589 0.122002 
Data[297]: 0.120761 0.244451 0.148945 0.096886 0.388956 
Data[298]: 0.096527 0.162998 0.466761 0.157918 0.115796 
Data[299]: 0.104096 0.465607 0.170454 0.108476 0.151367 
Data[300]: 0.103734 0.467526 0.170199 0.108451 0.150090 
Data[301]: 0.121481 0.281260 0.211578 0.114055 0.271625 
Data[302]: 0.023469 0.046872 0.863135 0.036650 0.029873 
Data[303]: 0.111269 0.185122 0.234856 0.366126 0.102627 
Data[304]: 0.078861 0.656391 0.094281 0.091386 0.079081 
Data[305]: 0.111957 0.186409 0.329067 0.258553 0.114014 
Data[306]: 0.485795 0.155302 0.092646 0.115095 0.151163 
Data[307]: 0.125491 0.175117 0.142759 0.096863 0.459769 
Data[308]: 0.746163 0.082122 0.044655 0.060306 0.066754 
Data[309]: 0.109620 0.204629 0.266187 0.314638 0.104926 
Data[310]: 0.107068 0.231024 0.355693 0.122378 0.183837 
Data[311]: 0.196467 0.403622 0.115325 0.158200 0.126386 
Data[312]: 0.106028 0.391459 0.227902 0.154881 0.119730 
Data[313]: 0.158004 0.162424 0.107956 0.091578 0.480039 
Data[314]: 0.451202 0.165276 0.101329 0.150977 0.131217 
Data[315]: 0.118883 0.142305 0.122988 0.530406 0.085417 
Data[316]: 0.117059 0.137447 0.107190 0.559532 0.078772 
Data[317]: 0.331147 0.187625 0.112224 0.118695 0.250308 
Data[318]: 0.129108 0.211663 0.205610 0.115801 0.337817 
Data[319]: 0.110155 0.144858 0.140869 0.517429 0.086689 
Data[320]: 0.082905 0.156510 0.530459 0.110382 0.119744 
Data[321]: 0.509809 0.161106 0.081354 0.095425 0.152306 
Data[322]: 0.130323 0.340184 0.165373 0.254500 0.109619 
Data[323]: 0.318761 0.189540 0.112267 0.117004 0.262428 
Data[324]: 0.292806 0.315744 0.106669 0.133829 0.150952 
Data[325]: 0.450867 0.171226 0.091802 0.104620 0.181485 
Data[326]: 0.180278 0.213726 0.124680 0.376134 0.105182 
Data[327]: 0.115586 0.187005 0.293832 0.289874 0.113704 
Data[328]: 0.147724 0.166313 0.123247 0.097488 0.465228 
Data[329]: 0.480650 0.156267 0.095412 0.125200 0.142471 
Data[330]: 0.574845 0.136444 0.075568 0.112258 0.100885 
Data[331]: 0.409143 0.172298 0.111236 0.143125 0.164198 
Data[332]: 0.265942 0.205651 0.124843 0.281193 0.122371 
Data[333]: 0.119212 0.143704 0.126344 0.524038 0.086702 
Data[334]: 0.113761 0.249083 0.303548 0.122596 0.211013 
Data[335]: 0.037596 0.843257 0.040673 0.035690 0.042784 
Data[336]: 0.111790 0.190857 0.272998 0.317001 0.107355 
Data[337]: 0.081852 0.131681 0.115666 0.604761 0.066041 
Data[338]: 0.436999 0.166712 0.101777 0.122566 0.171945 
Data[339]: 0.117562 0.358861 0.198532 0.212493 0.112552 
Data[340]: 0.118265 0.156952 0.161008 0.467902 0.095874 
Data[341]: 0.132674 0.247354 0.144176 0.376485 0.099311 
Data[342]: 0.171917 0.179414 0.122475 0.424809 0.101385 
Data[343]: 0.452319 0.162894 0.100577 0.126817 0.157393 
Data[344]: 0.195774 0.297840 0.113711 0.105202 0.287473 
Data[345]: 0.106250 0.172575 0.428715 0.159785 0.132675 
Data[346]: 0.107402 0.195077 0.396235 0.128226 0.173061 
Data[347]: 0.119970 0.161328 0.125078 0.088465 0.505159 
Data[348]: 0.282947 0.291633 0.107275 0.116118 0.202027 
Data[349]: 0.094632 0.227932 0.400742 0.169518 0.107176 
Data[350]: 0.292731 0.276201 0.114717 0.187442 0.128909 
Data[351]: 0.054323 0.789204 0.050885 0.048139 0.057449 
Data[352]: 0.250178 0.213581 0.107391 0.104557 0.324293 
Data[353]: 0.195760 0.190782 0.103309 0.094533 0.415616 
Data[354]: 0.426033 0.180629 0.101682 0.170522 0.121134 
Data[355]: 0.105406 0.169885 0.188192 0.444216 0.092301 
Data[356]: 0.110035 0.194745 0.246779 0.345435 0.103005 
Data[357]: 0.078803 0.104122 0.091424 0.666633 0.059019 
Data[358]: 0.316983 0.196248 0.121799 0.235930 0.129041 
Data[359]: 0.107062 0.203936 0.313380 0.268460 0.107163 
Data[360]: 0.105821 0.369169 0.247279 0.156450 0.121281 
Data[361]: 0.634992 0.129474 0.061621 0.085164 0.088748 
Data[362]: 0.438634 0.172696 0.094248 0.106885 0.187536 
Data[363]: 0.120364 0.141640 0.118050 0.535761 0.084186 
Data[364]: 0.089421 0.110271 0.064871 0.053097 0.682340 
Data[365]: 0.549131 0.140562 0.081502 0.117015 0.111789 
Data[366]: 0.157156 0.165940 0.116739 0.096574 0.463591 
Data[367]: 0.807488 0.065866 0.032973 0.044973 0.048700 
Data[368]: 0.125577 0.170692 0.136986 0.094997 0.471748 
Data[369]: 0.095606 0.252402 0.383993 0.154898 0.113100 
Data[370]: 0.124422 0.226127 0.256811 0.122903 0.269737 
Data[371]: 0.077202 0.139159 0.568587 0.113623 0.101429 
Data[372]: 0.087992 0.111933 0.083921 0.656053 0.060102 
Data[373]: 0.382293 0.190796 0.099679 0.108552 0.218680 
Data[374]: 0.098222 0.161237 0.161839 0.495045 0.083657 
Data[375]: 0.115403 0.315372 0.241704 0.119443 0.208079 
Data[376]: 0.122682 0.250695 0.197375 0.110256 0.318992 
Data[377]: 0.152643 0.175504 0.137632 0.106118 0.428104 
Data[378]: 0.095757 0.165369 0.456764 0.172691 0.109419 
Data[379]: 0.109510 0.194049 0.304046 0.284004 0.108391 
Data[380]: 0.081454 0.197992 0.495941 0.112777 0.111836 
Data[381]: 0.151152 0.170482 0.128969 0.101404 0.447992 
Data[382]: 0.124757 0.301523 0.163920 0.105014 0.304787 
Data[383]: 0.114584 0.223632 0.326289 0.125315 0.210180 
Data[384]: 0.113283 0.334235 0.232363 0.205505 0.114615 
Data[385]: 0.058374 0.110974 0.663185 0.095855 0.071611 
Data[386]: 0.437347 0.167001 0.105223 0.148144 0.142286 
Data[387]: 0.099574 0.168969 0.164410 0.482111 0.084937 
Data[388]: 0.427773 0.168314 0.106284 0.134301 0.163327 
Data[389]: 0.130239 0.258415 0.151990 0.358331 0.101024 
Data[390]: 0.109751 0.351070 0.245770 0.122052 0.171357 
Data[391]: 0.114901 0.178223 0.223343 0.379312 0.104220 
Data[392]: 0.173925 0.181382 0.122565 0.420205 0.101923 
Data[393]: 0.051221 0.101798 0.699146 0.085517 0.062318 
Data[394]: 0.119009 0.148566 0.109200 0.081991 0.541235 
Data[395]: 0.429973 0.197962 0.097079 0.156375 0.118610 
Data[396]: 0.264419 0.301506 0.117211 0.187511 0.129353 
Data[397]: 0.214374 0.213859 0.125333 0.333338 0.113096 
Data[398]: 0.081994 0.183855 0.506523 0.107551 0.120077 
Data[399]: 0.120342 0.135658 0.082660 0.069199 0.592141 
Data[400]: 0.407177 0.186572 0.104549 0.179415 0.122287 
Data[401]: 0.105870 0.122955 0.078113 0.063719 0.629343 
Data[402]: 0.183575 0.356415 0.114810 0.106991 0.238209 
Data[403]: 0.416357 0.224310 0.095552 0.137078 0.126703 
Data[404]: 0.118719 0.241611 0.278272 0.122253 0.239145 
Data[405]: 0.102562 0.504214 0.143390 0.099363 0.150470 
Data[406]: 0.073675 0.106136 0.097944 0.664105 0.058140 
Data[407]: 0.096924 0.245422 0.379194 0.167790 0.110670 
Data[408]: 0.075009 0.150828 0.565353 0.100038 0.108773 
Data[409]: 0.093062 0.247955 0.401568 0.143015 0.114401 
Data[410]: 0.078267 0.658382 0.093955 0.090633 0.078763 
Data[411]: 0.075687 0.155637 0.557925 0.100415 0.110336 
Data[412]: 0.155639 0.501433 0.100594 0.108124 0.134210 
Data[413]: 0.112648 0.136454 0.095640 0.074086 0.581172 
Data[414]: 0.396885 0.184209 0.107986 0.185220 0.125699 
Data[415]: 0.257614 0.194704 0.110621 0.107985 0.329076 
Data[416]: 0.145339 0.167930 0.157147 0.420701 0.108884 
Data[417]: 0.792040 0.069752 0.035520 0.045677 0.057011 
Data[418]: 0.124132 0.232128 0.236335 0.118760 0.288645 
Data[419]: 0.086862 0.153781 0.506864 0.150432 0.102062 
Data[420]: 0.070309 0.132488 0.592357 0.121220 0.083627 
Data[421]: 0.120681 0.214085 0.168708 0.101606 0.394920 
Data[422]: 0.208454 0.349795 0.122743 0.194572 0.124436 
Data[423]: 0.263264 0.304579 0.117028 0.185466 0.129663 
Data[424]: 0.109881 0.275684 0.304588 0.122803 0.187044 
Data[425]: 0.089804 0.168595 0.492135 0.116313 0.133153 
Data[426]: 0.088848 0.137549 0.133679 0.566587 0.073337 
Data[427]: 0.095277 0.228325 0.396557 0.172553 0.107287 
Data[428]: 0.437608 0.166524 0.101851 0.123056 0.170961 
Data[429]: 0.146513 0.172574 0.169789 0.397110 0.114014 
Data[430]: 0.108675 0.212464 0.286549 0.285835 0.106478 
Data[431]: 0.357182 0.188341 0.105181 0.112743 0.236552 
Data[432]: 0.110085 0.223384 0.348706 0.123887 0.193938 
Data[433]: 0.192348 0.302383 0.114131 0.105035 0.286103 
Data[434]: 0.242902 0.267248 0.123837 0.243644 0.122370 
Data[435]: 0.398810 0.188054 0.106123 0.183868 0.123146 
Data[436]: 0.102214 0.324795 0.301727 0.142772 0.128491 
Data[437]: 0.280876 0.320997 0.106779 0.124845 0.166504 
Data[438]: 0.135332 0.165331 0.127377 0.095288 0.476673 
Data[439]: 0.104037 0.175123 0.407379 0.198710 0.114751 
Data[440]: 0.114699 0.151763 0.152066 0.489675 0.091798 
Data[441]: 0.101804 0.636962 0.080980 0.082435 0.097818 
Data[442]: 0.077206 0.117165 0.108596 0.634876 0.062157 
Data[443]: 0.591992 0.145354 0.068883 0.097134 0.096636 
Data[444]: 0.370097 0.187117 0.113936 0.199198 0.129653 
Data[445]: 0.760764 0.079399 0.040988 0.052330 0.066520 
Data[446]: 0.125910 0.245551 0.152141 0.377868 0.098530 
Data[447]: 0.143454 0.162211 0.142632 0.449216 0.102487 
Data[448]: 0.445530 0.188862 0.089565 0.102705 0.173338 
Data[449]: 0.109034 0.379932 0.223254 0.170976 0.116803 
Data[450]: 0.159679 0.170113 0.123471 0.101021 0.445716 
Data[451]: 0.158122 0.357081 0.119570 0.102635 0.262591 
Data[452]: 0.438747 0.165921 0.104155 0.133487 0.157690 
Data[453]: 0.149488 0.173892 0.136058 0.104241 0.436321 
Data[454]: 0.113207 0.129253 0.081578 0.067164 0.608798 
Data[455]: 0.656036 0.110547 0.059659 0.075064 0.098694 
Data[456]: 0.346799 0.215046 0.111481 0.202922 0.123752 
Data[457]: 0.086750 0.161282 0.511457 0.114785 0.125725 
Data[458]: 0.137656 0.154889 0.109286 0.087581 0.510588 
Data[459]: 0.100139 0.184541 0.436210 0.124181 0.154928 
Data[460]: 0.165297 0.178416 0.137128 0.110197 0.408962 
Data[461]: 0.111744 0.176326 0.213165 0.398421 0.100344 
Data[462]: 0.123264 0.236908 0.237460 0.118426 0.283942 
Data[463]: 0.218909 0.193228 0.129500 0.341615 0.116748 
Data[464]: 0.118854 0.220951 0.308147 0.126844 0.225205 
Data[465]: 0.119641 0.188968 0.152543 0.096765 0.442083 
Data[466]: 0.090855 0.123243 0.115389 0.599741 0.070772 
Data[467]: 0.113006 0.268400 0.292185 0.122106 0.204303 
Data[468]: 0.111507 0.321407 0.249652 0.202262 0.115172 
Data[469]: 0.116579 0.202936 0.150471 0.094619 0.435395 
Data[470]: 0.115266 0.188577 0.144168 0.092189 0.459800 
Data[471]: 0.128740 0.146791 0.084511 0.071822 0.568136 
Data[472]: 0.103665 0.185973 0.165850 0.456616 0.087897 
Data[473]: 0.127804 0.184871 0.156735 0.102332 0.428259 
Data[474]: 0.140200 0.195778 0.120138 0.452142 0.091742 
Data[475]: 0.206243 0.191567 0.127899 0.361526 0.112766 
Data[476]: 0.166741 0.187661 0.098173 0.086796 0.460629 
Data[477]: 0.109254 0.176449 0.417244 0.154869 0.142183 
Data[478]: 0.111697 0.264328 0.303107 0.122415 0.198453 
Data[479]: 0.518245 0.179527 0.079068 0.103849 0.119311 
Data[480]: 0.257992 0.191033 0.114147 0.111391 0.325437 
Data[481]: 0.257462 0.190454 0.115188 0.112336 0.324560 
Data[482]: 0.091484 0.158399 0.486410 0.155720 0.107987 
Data[483]: 0.247042 0.192996 0.110796 0.106915 0.342251 
Data[484]: 0.175718 0.197942 0.100883 0.090062 0.435395 
Data[485]: 0.107575 0.267313 0.299015 0.213745 0.112352 
Data[486]: 0.235308 0.247837 0.109255 0.105710 0.301890 
Data[487]: 0.098179 0.513553 0.153741 0.129148 0.105379 
Data[488]: 0.122007 0.264358 0.213979 0.113976 0.285680 
Data[489]: 0.208615 0.195791 0.105061 0.097541 0.392992 
Data[490]: 0.124091 0.228577 0.252282 0.121766 0.273284 
Data[491]: 0.177332 0.171788 0.113825 0.099137 0.437918 
Data[492]: 0.233448 0.202985 0.126558 0.319486 0.117523 
Data[493]: 0.174130 0.281841 0.113903 0.100106 0.330020 
Data[494]: 0.061730 0.127163 0.631291 0.106136 0.073680 
Data[495]: 0.091852 0.170210 0.455812 0.180338 0.101788 
Data[496]: 0.085588 0.163832 0.490849 0.163357 0.096373 
Data[497]: 0.128735 0.207012 0.193005 0.112528 0.358719 
Data[498]: 0.454983 0.162841 0.101362 0.140661 0.140153 
Data[499]: 0.104508 0.129371 0.094849 0.601558 0.069714 
Data[500]: 0.130725 0.170375 0.136317 0.097005 0.465578 
Data[501]: 0.156916 0.168301 0.094586 0.082844 0.497354 
Data[502]: 0.116434 0.183897 0.251701 0.338742 0.109227 
Data[503]: 0.144943 0.164843 0.122161 0.096105 0.471948 
Data[504]: 0.096720 0.132951 0.072963 0.058918 0.638448 
Data[505]: 0.046466 0.089516 0.733420 0.069995 0.060603 
Data[506]: 0.170485 0.188073 0.120987 0.420235 0.100220 
Data[507]: 0.447813 0.189978 0.094482 0.151221 0.116507 
Data[508]: 0.119604 0.358014 0.183109 0.110992 0.228281 
Data[509]: 0.127424 0.156848 0.149597 0.468370 0.097762 
Data[510]: 0.105786 0.143135 0.141427 0.525155 0.084498 
Data[511]: 0.090599 0.206365 0.434198 0.166399 0.102439 
Data[512]: 0.164925 0.176273 0.132872 0.107744 0.418186 
Data[513]: 0.062118 0.117953 0.640795 0.103761 0.075373 
Data[514]: 0.113266 0.143996 0.135260 0.520693 0.086785 
Data[515]: 0.113577 0.134545 0.107504 0.566624 0.077749 
Data[516]: 0.106286 0.372728 0.242089 0.158511 0.120385 
Data[517]: 0.202308 0.190525 0.104500 0.096277 0.406390 
Data[518]: 0.115158 0.186795 0.272658 0.314786 0.110603 
Data[519]: 0.601597 0.139434 0.067871 0.097667 0.093432 
Data[520]: 0.307715 0.196108 0.108450 0.111251 0.276476 
Data[521]: 0.034837 0.046290 0.029471 0.022676 0.866726 
Data[522]: 0.110111 0.186063 0.340187 0.250511 0.113128 
Data[523]: 0.080380 0.143107 0.552344 0.120012 0.104157 
Data[524]: 0.116815 0.300056 0.243264 0.119111 0.220754 
Data[525]: 0.453676 0.176412 0.095957 0.157079 0.116875 
Data[526]: 0.085103 0.157648 0.502336 0.157900 0.097012 
Data[527]: 0.121649 0.273429 0.213883 0.114205 0.276834 
Data[528]: 0.117238 0.261987 0.269008 0.120826 0.230941 
Data[529]: 0.178398 0.176941 0.129714 0.407596 0.107351 
Data[530]: 0.147779 0.444811 0.123749 0.171686 0.111976 
Data[531]: 0.130990 0.149399 0.122011 0.508097 0.089503 
Data[532]: 0.120239 0.180964 0.237753 0.350266 0.110778 
Data[533]: 0.128689 0.209201 0.197495 0.113580 0.351035 
Data[534]: 0.332620 0.215501 0.113955 0.213948 0.123976 
Data[535]: 0.102706 0.179241 0.435223 0.131198 0.151632 
Data[536]: 0.301688 0.248562 0.115919 0.208221 0.125611 
Data[537]: 0.865885 0.045449 0.022920 0.030127 0.035619 
Data[538]: 0.795364 0.066929 0.035551 0.046466 0.055691 
Data[539]: 0.433931 0.167500 0.106080 0.146604 0.145884 
Data[540]: 0.237077 0.213943 0.107152 0.102894 0.338934 
Data[541]: 0.111034 0.229746 0.256247 0.296751 0.106223 
Data[542]: 0.105046 0.175528 0.191256 0.435711 0.092459 
Data[543]: 0.161440 0.251859 0.132906 0.348065 0.105730 
Data[544]: 0.050979 0.067222 0.043675 0.033446 0.804678 
Data[545]: 0.487432 0.154619 0.093405 0.119568 0.144975 
Data[546]: 0.099795 0.188719 0.432001 0.122355 0.157131 
Data[547]: 0.110832 0.385545 0.210918 0.117095 0.175610 
Data[548]: 0.147107 0.164432 0.120240 0.095787 0.472434 
Data[549]: 0.152411 0.227706 0.105623 0.089253 0.425007 
Data[550]: 0.089283 0.154613 0.508101 0.133003 0.115001 
Data[551]: 0.094447 0.260021 0.388389 0.135285 0.121857 
Data[552]: 0.112818 0.184194 0.137690 0.089157 0.476140 
Data[553]: 0.392749 0.178160 0.104338 0.116508 0.208244 
Data[554]: 0.223140 0.282796 0.111646 0.107845 0.274572 
Data[555]: 0.250965 0.208800 0.125078 0.295313 0.119844 
Data[556]: 0.432401 0.170147 0.104826 0.160627 0.131999 
Data[557]: 0.088256 0.139376 0.133086 0.566406 0.072876 
Data[558]: 0.065690 0.122694 0.628317 0.095757 0.087543 
Data[559]: 0.096830 0.227713 0.386885 0.181234 0.107339 
Data[560]: 0.325818 0.283741 0.103179 0.123224 0.164038 
Data[561]: 0.315681 0.287248 0.107834 0.152958 0.136280 
Data[562]: 0.116167 0.186473 0.276743 0.308480 0.112136 
Data[563]: 0.134055 0.168358 0.173463 0.415985 0.108139 
Data[564]: 0.069743 0.151191 0.576407 0.119698 0.082961 
Data[565]: 0.500186 0.164425 0.082714 0.096610 0.156065 
Data[566]: 0.142210 0.303741 0.149516 0.296607 0.107927 
Data[567]: 0.150393 0.168101 0.116235 0.472718 0.092552 
Data[568]: 0.125350 0.207177 0.182294 0.107698 0.377481 
Data[569]: 0.062631 0.125684 0.637239 0.086614 0.087832 
Data[570]: 0.121641 0.253959 0.232599 0.116958 0.274843 
Data[571]: 0.343678 0.196413 0.116030 0.217014 0.126864 
Data[572]: 0.303399 0.224454 0.105434 0.108923 0.257789 
Data[573]: 0.294539 0.256302 0.116470 0.206576 0.126113 
Data[574]: 0.107422 0.175024 0.425025 0.151775 0.140754 
Data[575]: 0.103103 0.192870 0.414649 0.124606 0.164772 
Data[576]: 0.166219 0.173650 0.122764 0.437216 0.100151 
Data[577]: 0.093463 0.165235 0.461607 0.174114 0.105582 
Data[578]: 0.617491 0.136448 0.064415 0.088967 0.092680 
Data[579]: 0.104680 0.165376 0.118895 0.079843 0.531206 
Data[580]: 0.136710 0.157012 0.137059 0.471613 0.097606 
Data[581]: 0.126601 0.210122 0.191022 0.110611 0.361644 
Data[582]: 0.096248 0.164983 0.457566 0.170330 0.110872 
Data[583]: 0.095452 0.256283 0.383049 0.150537 0.114679 
Data[584]: 0.265420 0.191255 0.114523 0.112706 0.316095 
Data[585]: 0.528727 0.150075 0.084008 0.128192 0.108999 
Data[586]: 0.088976 0.176284 0.486341 0.113135 0.135265 
Data[587]: 0.070337 0.129704 0.597969 0.116484 0.085507 
Data[588]: 0.241769 0.226530 0.107781 0.104365 0.319554 
Data[589]: 0.106549 0.380815 0.235934 0.123642 0.153059 
Data[590]: 0.551752 0.145528 0.075579 0.090285 0.136856 
Data[591]: 0.153362 0.166105 0.119576 0.097179 0.463778 
Data[592]: 0.101887 0.168205 0.446626 0.157655 0.125627 
Data[593]: 0.144028 0.167205 0.126709 0.097999 0.464059 
Data[594]: 0.062323 0.081088 0.053283 0.040866 0.762441 
Data[595]: 0.193397 0.334463 0.114396 0.107535 0.250209 
Data[596]: 0.136894 0.172527 0.138384 0.100371 0.451823 
Data[597]: 0.013751 0.028106 0.919176 0.021450 0.017518 
Data[598]: 0.253531 0.191342 0.113109 0.109838 0.332180 
Data[599]: 0.076725 0.151738 0.558026 0.102201 0.111309 
Data[600]: 0.087480 0.151951 0.515361 0.135543 0.109664 
Data[601]: 0.120215 0.214827 0.312953 0.129367 0.222638 
Data[602]: 0.142886 0.291756 0.121938 0.096618 0.346802 
Data[603]: 0.100719 0.207006 0.367281 0.218935 0.106058 
Data[604]: 0.327792 0.239773 0.112135 0.194640 0.125660 
Data[605]: 0.102061 0.172092 0.422933 0.188424 0.114490 
Data[606]: 0.570998 0.155296 0.070808 0.090571 0.112327 
Data[607]: 0.154521 0.174310 0.134435 0.105222 0.431512 
Data[608]: 0.213081 0.296542 0.112649 0.107742 0.269986 
Data[609]: 0.596096 0.128991 0.069623 0.085463 0.119826 
Data[610]: 0.094705 0.119638 0.103213 0.613231 0.069213 
Data[611]: 0.134842 0.152888 0.086920 0.074351 0.550999 
Data[612]: 0.234477 0.315454 0.121628 0.202172 0.126269 
Data[613]: 0.354366 0.262173 0.103176 0.145405 0.134879 
Data[614]: 0.487298 0.156934 0.089355 0.106190 0.160223 
Data[615]: 0.295945 0.249861 0.106221 0.111095 0.236878 
Data[616]: 0.079658 0.178813 0.509450 0.138675 0.093404 
Data[617]: 0.183495 0.307165 0.132556 0.260565 0.116219 
Data[618]: 0.106631 0.318636 0.287989 0.125653 0.161091 
Data[619]: 0.108143 0.175629 0.421947 0.152819 0.141463 
Data[620]: 0.239727 0.188250 0.115828 0.110559 0.345635 
Data[621]: 0.110489 0.193568 0.289124 0.298992 0.107828 
Data[622]: 0.669932 0.107073 0.058297 0.082955 0.081742 
Data[623]: 0.096353 0.196242 0.403228 0.200442 0.103735 
Data[624]: 0.091785 0.149089 0.110090 0.579235 0.069801 
Data[625]: 0.198570 0.318564 0.114028 0.107311 0.261527 
Data[626]: 0.077111 0.100883 0.075608 0.693055 0.053344 
Data[627]: 0.096209 0.619291 0.089296 0.078630 0.116573 
Data[628]: 0.096290 0.118618 0.091710 0.627548 0.065835 
Data[629]: 0.163136 0.173165 0.127533 0.104247 0.431920 
Data[630]: 0.094509 0.536882 0.145337 0.120340 0.102932 
Data[631]: 0.450016 0.163770 0.102462 0.139904 0.143848 
Data[632]: 0.335201 0.271778 0.106053 0.152569 0.134399 
Data[633]: 0.114386 0.257121 0.234208 0.286480 0.107805 
Data[634]: 0.090819 0.227902 0.432057 0.119547 0.129675 
Data[635]: 0.113437 0.187051 0.259120 0.333050 0.107342 
Data[636]: 0.132049 0.156152 0.141458 0.473067 0.097275 
Data[637]: 0.071121 0.102634 0.058641 0.045645 0.721959 
Data[638]: 0.101987 0.180968 0.147486 0.485965 0.083593 
Data[639]: 0.114713 0.186139 0.261438 0.328897 0.108814 
Data[640]: 0.093076 0.252396 0.400395 0.134091 0.120041 
Data[641]: 0.134200 0.162192 0.155324 0.445417 0.102866 
Data[642]: 0.110279 0.144135 0.099512 0.572668 0.073406 
Data[643]: 0.088667 0.124661 0.087792 0.063102 0.635777 
Data[644]: 0.107191 0.203678 0.312132 0.269841 0.107158 
Data[645]: 0.114557 0.298838 0.259532 0.120769 0.206304 
Data[646]: 0.127909 0.148340 0.125076 0.509045 0.089631 
Data[647]: 0.450671 0.163720 0.098965 0.119814 0.166829 
Data[648]: 0.105102 0.345795 0.272689 0.128681 0.147733 
Data[649]: 0.194394 0.412999 0.113648 0.151941 0.127018 
Data[650]: 0.094433 0.236886 0.398216 0.161273 0.109192 
Data[651]: 0.059752 0.077787 0.046195 0.036871 0.779395 
Data[652]: 0.743744 0.083412 0.044465 0.057282 0.071097 
Data[653]: 0.292663 0.313926 0.106124 0.128059 0.159228 
Data[654]: 0.218439 0.278529 0.126976 0.256054 0.120003 
Data[655]: 0.527158 0.166882 0.080312 0.119206 0.106442 
Data[656]: 0.063005 0.117184 0.643004 0.095131 0.081676 
Data[657]: 0.717776 0.096441 0.047654 0.060672 0.077457 
Data[658]: 0.126685 0.343808 0.172895 0.246576 0.110037 
Data[659]: 0.158536 0.307942 0.139982 0.282376 0.111164 
Data[660]: 0.106745 0.172822 0.424549 0.165538 0.130347 
Data[661]: 0.134248 0.172298 0.138641 0.099364 0.455449 
Data[662]: 0.152670 0.171250 0.129601 0.102205 0.444275 
Data[663]: 0.134233 0.222555 0.132132 0.416006 0.095074 
Data[664]: 0.423444 0.211164 0.091873 0.107447 0.166073 
Data[665]: 0.084831 0.643217 0.093873 0.096889 0.081190 
Data[666]: 0.107834 0.232183 0.299724 0.251765 0.108494 
Data[667]: 0.207072 0.216617 0.125378 0.339216 0.111716 
Data[668]: 0.705719 0.094473 0.052010 0.070352 0.077445 
Data[669]: 0.103492 0.130448 0.092005 0.069747 0.604308 
Data[670]: 0.162511 0.437776 0.118869 0.164460 0.116383 
Data[671]: 0.113115 0.148091 0.110130 0.080308 0.548357 
Data[672]: 0.085245 0.161606 0.516359 0.112058 0.124731 
Data[673]: 0.117044 0.133098 0.080826 0.067509 0.601523 
Data[674]: 0.095412 0.117634 0.079696 0.061938 0.645319 
Data[675]: 0.618534 0.121096 0.066563 0.083458 0.110349 
Data[676]: 0.159288 0.166805 0.095717 0.083965 0.494224 
Data[677]: 0.104227 0.391900 0.235949 0.143247 0.124677 
Data[678]: 0.127129 0.161006 0.123595 0.090719 0.497551 
Data[679]: 0.094742 0.122228 0.109192 0.602840 0.070998 
Data[680]: 0.168369 0.175923 0.122472 0.432719 0.100517 
Data[681]: 0.161732 0.168340 0.118514 0.098716 0.452698 
Data[682]: 0.429090 0.175359 0.095401 0.107474 0.192676 
Data[683]: 0.164822 0.172615 0.125406 0.103501 0.433656 
Data[684]: 0.137933 0.155592 0.130363 0.480715 0.095396 
Data[685]: 0.223582 0.304669 0.112105 0.109990 0.249654 
Data[686]: 0.507632 0.183180 0.081444 0.112207 0.115537 
Data[687]: 0.195694 0.204359 0.124517 0.367098 0.108333 
Data[688]: 0.191995 0.203100 0.103380 0.094196 0.407330 
Data[689]: 0.162824 0.169089 0.132586 0.430871 0.104630 
Data[690]: 0.370894 0.190159 0.101803 0.109984 0.227160 
Data[691]: 0.092092 0.190722 0.432742 0.183269 0.101176 
Data[692]: 0.126728 0.221410 0.246517 0.122855 0.282490 
Data[693]: 0.304576 0.222818 0.117638 0.231283 0.123686 
Data[694]: 0.184953 0.187001 0.124356 0.398083 0.105608 
Data[695]: 0.121675 0.240491 0.128384 0.090657 0.418792 
Data[696]: 0.127606 0.190811 0.164882 0.104554 0.412147 
Data[697]: 0.497876 0.185058 0.083619 0.119078 0.114369 
Data[698]: 0.424595 0.172818 0.105740 0.166462 0.130385 
Data[699]: 0.278861 0.325805 0.106966 0.127343 0.161024 
Data[700]: 0.093642 0.152301 0.147132 0.528463 0.078463 
Data[701]: 0.115184 0.329471 0.224047 0.217758 0.113540 
Data[702]: 0.448445 0.168439 0.093932 0.107750 0.181434 
